QGC WPL 110
0	1	0	0	0	0	0	0	0	0	0	1
1	0	3	16	0.00000000	0.00000000	0.00000000	0.00000000	17.44184960	78.36207480	10.000000	1
2	0	3	16	0.00000000	0.00000000	0.00000000	0.00000000	17.44223340	78.36321470	10.000000	1
3	0	3	16	0.00000000	0.00000000	0.00000000	0.00000000	17.44336960	78.36373510	10.000000	1
4	0	3	16	0.00000000	0.00000000	0.00000000	0.00000000	17.44326210	78.36414810	10.000000	1
5	0	3	16	0.00000000	0.00000000	0.00000000	0.00000000	17.44237160	78.36364920	10.000000	1
6	0	3	16	0.00000000	0.00000000	0.00000000	0.00000000	17.44232550	78.36389600	10.000000	1
7	0	3	16	0.00000000	0.00000000	0.00000000	0.00000000	17.44317000	78.36443780	10.000000	1
8	0	3	16	0.00000000	0.00000000	0.00000000	0.00000000	17.44306760	78.36477040	10.000000	1
9	0	3	16	0.00000000	0.00000000	0.00000000	0.00000000	17.44234600	78.36439490	10.000000	1
10	0	3	16	0.00000000	0.00000000	0.00000000	0.00000000	17.44243810	78.36472210	10.000000	1
11	0	3	16	0.00000000	0.00000000	0.00000000	0.00000000	17.44296010	78.36500640	10.000000	1
12	0	3	16	0.00000000	0.00000000	0.00000000	0.00000000	17.44284240	78.36527470	10.000000	1
13	0	3	16	0.00000000	0.00000000	0.00000000	0.00000000	17.44232040	78.36500640	10.000000	1
14	0	3	16	0.00000000	0.00000000	0.00000000	0.00000000	17.44185020	78.36207550	10.000000	1
